estrategico <- c("111220","111405",
                 "114205","114405",
                 "121005","121010",
                 "122705","122710",
                 "122725","122730",
                 "122755","123105",
                 "123110","123115",
                 "123305","123310",
                 "123605","123705",
                 "131115","131120",
                 "141205","141305",
                 "141415","141420",
                 "141705","141710",
                 "141715","141720",
                 "141725","141730",
                 "141735","142105",
                 "142110","142115",
                 "142205","142210",
                 "142305","142310",
                 "142315","142320",
                 "142345","142350",
                 "142405","142410",
                 "142505","142510",
                 "142515","142520",
                 "142525","142530",
                 "142605","142705",
                 "211110","253120",
                 "253125","253130",
                 "253205","253210",
                 "253215","253220",
                 "351110","353230",
                 "353235","410105",
                 "410205","410210",
                 "410215","410220",
                 "410225","410230",
                 "410235","410240",
                 "412120","413225",
                 "420105","420110",
                 "420125","420130",
                 "420135", "122750")

operacional <- c("111510",
                 "142120",
                 "142125",
                 "142130",
                 "142330",
                 "142335",
                 "211205",
                 "212205",
                 "212215",
                 "212305",
                 "212310",
                 "212315",
                 "212320",
                 "212405",
                 "212410",
                 "212415",
                 "212420",
                 "212425",
                 "212430",
                 "233215",
                 "241005",
                 "241010",
                 "241040",
                 "251205",
                 "251210",
                 "251215",
                 "251220",
                 "251225",
                 "251540",
                 "252105",
                 "252205",
                 "252210",
                 "252215",
                 "252305",
                 "252405",
                 "252505",
                 "252510",
                 "252515",
                 "252525",
                 "252530",
                 "252540",
                 "252545",
                 "252550",
                 "252605",
                 "252720",
                 "253110",
                 "253115",
                 "253225",
                 "261130",
                 "261210",
                 "261215",
                 "261305",
                 "313220",
                 "313305",
                 "317105",
                 "317110",
                 "317120",
                 "317205",
                 "317210",
                 "351105",
                 "351305",
                 "351430",
                 "351505",
                 "351605",
                 "351705",
                 "351710",
                 "351715",
                 "351720",
                 "351725",
                 "351740",
                 "351905",
                 "353205",
                 "353210",
                 "353215",
                 "353220",
                 "353225",
                 "354120",
                 "354125",
                 "354130",
                 "354135",
                 "354140",
                 "354410",
                 "354505",
                 "372205",
                 "373225",
                 "391145",
                 "391215",
                 "395105",
                 "411005",
                 "411010",
                 "411015",
                 "411020",
                 "411030",
                 "411040",
                 "411050",
                 "413105",
                 "413110",
                 "413115",
                 "413210",
                 "413215",
                 "413220",
                 "413230",
                 "415105",
                 "415115",
                 "421125",
                 "421305",
                 "421310",
                 "520105",
                 "521115",
                 "782310",
                 "910105", "520110"
)

suporte <- c("142325","514225","514325","517410", 
             "142340", "841408", "841412", "841416", "411035",
             "142535",
             "201210",
             "203105",
             "239405",
             "239410",
             "239415",
             "251605",
             "261110",
             "261125",
             "261705",
             "262405",
             "262410",
             "312105",
             "313210",
             "313215",
             "318405",
             "333115",
             "341105",
             "342205",
             "354145",
             "354210",
             "354820",
             "372115",
             "375110",
             "391210",
             "412115",
             "413205",
             "414105",
             "414110",
             "414135",
             "414140",
             "421105",
             "422105",
             "422125",
             "422205",
             "422305",
             "422310",
             "422315",
             "422320",
             "423105",
             "424115",
             "424125",
             "510310",
             "512105",
             "512115",
             "513205",
             "513425",
             "514120",
             "514205",
             "514310",
             "514320",
             "517310",
             "517330",
             "517415",
             "517420",
             "731110",
             "782305",
             "951105",
             "951320"
)